7
currently - []
this will print current selection and filters in a window
possible animation of current process??
[[0], [23], [0], [0]]
currently - [[0], [23], [0], [0]]
this will print current selection and filters in a window
possible animation of current process??
[[0, 0], [23, 71], [23, 71], [0, 0], [0, 1], [0, 0], [0, 0], [0, 1]]
currently - [[0, 0], [23, 71], [23, 71], [0, 0], [0, 1], [0, 0], [0, 0], [0, 1]]
this will print current selection and filters in a window
possible animation of current process??
[[0, 0, 0], [23, 71, 176], [23, 71, 176], [23, 71, 176], [0, 0, 2], [0, 1, 1], [0, 0, 0], [0, 0, 2], [0, 1, 1], [0, 0, 0], [0, 0, 2], [0, 1, 1]]
currently - [[0, 0, 0], [23, 71, 176], [23, 71, 176], [23, 71, 176], [0, 0, 2], [0, 1, 1], [0, 0, 0], [0, 0, 2], [0, 1, 1], [0, 0, 0], [0, 0, 2], [0, 1, 1]]
this will print current selection and filters in a window
possible animation of current process??
[[0, 0, 0, 0], [23, 71, 176, 56], [23, 71, 176, 56], [23, 71, 176, 56], [23, 71, 176, 56], [0, 0, 2, 1], [0, 1, 1, 1], [0, 0, 0, 0], [0, 0, 2, 1], [0, 1, 1, 1], [0, 0, 0, 0], [0, 0, 2, 1], [0, 1, 1, 1], [0, 0, 0, 0], [0, 0, 2, 1], [0, 1, 1, 1]]
currently - [[0, 0, 0, 0], [23, 71, 176, 56], [23, 71, 176, 56], [23, 71, 176, 56], [23, 71, 176, 56], [0, 0, 2, 1], [0, 1, 1, 1], [0, 0, 0, 0], [0, 0, 2, 1], [0, 1, 1, 1], [0, 0, 0, 0], [0, 0, 2, 1], [0, 1, 1, 1], [0, 0, 0, 0], [0, 0, 2, 1], [0, 1, 1, 1]]
this will print current selection and filters in a window
possible animation of current process??
[[0, 0, 0, 0, 1], [23, 71, 176, 56, 99], [23, 71, 176, 56, 99], [23, 71, 176, 56, 99], [23, 71, 176, 56, 99], [23, 71, 176, 56, 99], [0, 0, 2, 1, 1], [0, 1, 1, 1, 1], [0, 0, 0, 0, 1], [0, 0, 2, 1, 1], [0, 1, 1, 1, 1], [0, 0, 0, 0, 1], [0, 0, 2, 1, 1], [0, 1, 1, 1, 1], [0, 0, 0, 0, 1], [0, 0, 2, 1, 1], [0, 1, 1, 1, 1], [0, 0, 0, 0, 1], [0, 0, 2, 1, 1], [0, 1, 1, 1, 1]]
currently - [[0, 0, 0, 0, 1], [23, 71, 176, 56, 99], [23, 71, 176, 56, 99], [23, 71, 176, 56, 99], [23, 71, 176, 56, 99], [23, 71, 176, 56, 99], [0, 0, 2, 1, 1], [0, 1, 1, 1, 1], [0, 0, 0, 0, 1], [0, 0, 2, 1, 1], [0, 1, 1, 1, 1], [0, 0, 0, 0, 1], [0, 0, 2, 1, 1], [0, 1, 1, 1, 1], [0, 0, 0, 0, 1], [0, 0, 2, 1, 1], [0, 1, 1, 1, 1], [0, 0, 0, 0, 1], [0, 0, 2, 1, 1], [0, 1, 1, 1, 1]]
this will print current selection and filters in a window
possible animation of current process??
[[0, 0, 0, 0, 1, 3], [23, 71, 176, 56, 99, 12], [23, 71, 176, 56, 99, 12], [23, 71, 176, 56, 99, 12], [23, 71, 176, 56, 99, 12], [23, 71, 176, 56, 99, 12], [23, 71, 176, 56, 99, 12], [0, 0, 2, 1, 1, 0], [0, 1, 1, 1, 1, 0], [0, 0, 0, 0, 1, 3], [0, 0, 2, 1, 1, 0], [0, 1, 1, 1, 1, 0], [0, 0, 0, 0, 1, 3], [0, 0, 2, 1, 1, 0], [0, 1, 1, 1, 1, 0], [0, 0, 0, 0, 1, 3], [0, 0, 2, 1, 1, 0], [0, 1, 1, 1, 1, 0], [0, 0, 0, 0, 1, 3], [0, 0, 2, 1, 1, 0], [0, 1, 1, 1, 1, 0], [0, 0, 0, 0, 1, 3], [0, 0, 2, 1, 1, 0], [0, 1, 1, 1, 1, 0]]
currently - [[0, 0, 0, 0, 1, 3], [23, 71, 176, 56, 99, 12], [23, 71, 176, 56, 99, 12], [23, 71, 176, 56, 99, 12], [23, 71, 176, 56, 99, 12], [23, 71, 176, 56, 99, 12], [23, 71, 176, 56, 99, 12], [0, 0, 2, 1, 1, 0], [0, 1, 1, 1, 1, 0], [0, 0, 0, 0, 1, 3], [0, 0, 2, 1, 1, 0], [0, 1, 1, 1, 1, 0], [0, 0, 0, 0, 1, 3], [0, 0, 2, 1, 1, 0], [0, 1, 1, 1, 1, 0], [0, 0, 0, 0, 1, 3], [0, 0, 2, 1, 1, 0], [0, 1, 1, 1, 1, 0], [0, 0, 0, 0, 1, 3], [0, 0, 2, 1, 1, 0], [0, 1, 1, 1, 1, 0], [0, 0, 0, 0, 1, 3], [0, 0, 2, 1, 1, 0], [0, 1, 1, 1, 1, 0]]
this will print current selection and filters in a window
possible animation of current process??
[[0, 0, 0, 0, 1, 3, 2], [23, 71, 176, 56, 99, 12, 73], [23, 71, 176, 56, 99, 12, 73], [23, 71, 176, 56, 99, 12, 73], [23, 71, 176, 56, 99, 12, 73], [23, 71, 176, 56, 99, 12, 73], [23, 71, 176, 56, 99, 12, 73], [23, 71, 176, 56, 99, 12, 73], [0, 0, 2, 1, 1, 0, 0], [0, 1, 1, 1, 1, 0, 0], [0, 0, 0, 0, 1, 3, 2], [0, 0, 2, 1, 1, 0, 0], [0, 1, 1, 1, 1, 0, 0], [0, 0, 0, 0, 1, 3, 2], [0, 0, 2, 1, 1, 0, 0], [0, 1, 1, 1, 1, 0, 0], [0, 0, 0, 0, 1, 3, 2], [0, 0, 2, 1, 1, 0, 0], [0, 1, 1, 1, 1, 0, 0], [0, 0, 0, 0, 1, 3, 2], [0, 0, 2, 1, 1, 0, 0], [0, 1, 1, 1, 1, 0, 0], [0, 0, 0, 0, 1, 3, 2], [0, 0, 2, 1, 1, 0, 0], [0, 1, 1, 1, 1, 0, 0], [0, 0, 0, 0, 1, 3, 2], [0, 0, 2, 1, 1, 0, 0], [0, 1, 1, 1, 1, 0, 0]]
0  -  Rotate right shoulder 23  degrees
1  -  Rotate Left shoulder 71  degrees
2  -  Rotate Left hand 176  degrees
3  -  Rotate Left arm 56  degrees
4  -  Bend Left arm 99  degrees
5  -  Grab right shoulder 12  degrees
6  -  Twist right shoulder 73  degrees
All finished
0  -  (0, ' - ', 'Rotate', 'right', 'shoulder', 23, ' degrees')  -
1  -  (1, ' - ', 'Rotate', 'Left', 'shoulder', 71, ' degrees')  -
2  -  (2, ' - ', 'Rotate', 'Left', 'hand', 176, ' degrees')  -
3  -  (3, ' - ', 'Rotate', 'Left', 'arm', 56, ' degrees')  -
4  -  (4, ' - ', 'Bend', 'Left', 'arm', 99, ' degrees')  -
5  -  (5, ' - ', 'Grab', 'right', 'shoulder', 12, ' degrees')  -
6  -  (6, ' - ', 'Twist', 'right', 'shoulder', 73, ' degrees')  -
